 6            -1             10            7            6pr
 .80982       x1
 1.22134      x2
 .681898      x3
 .94032       x4
 0            x5
 0            x6
 .15          y1
 .15          y2
 .15          y3
 .15          y4
-1 
 8.500001E-03 
 .0092 
 .007 
 .2815 
 .2282 
 1 
 0 
 0 
 0 
 2             0 
 .0162 
-1 
 .1318 
 .0465 
 .3178 
 .3403 
 0 
 1 
 0 
 0 
 2             0 
 .0667 
 0 
-1 
 .0778 
 .15 
 .25 
 0 
 0 
 1 
 0 
 2             0 
 .0328 
 .039 
 0 
-1 
 .125 
 .3047 
 0 
 0 
 0 
 1 
 2             0 
 0 
 0 
 0 
 0 
 1 
 1 
 0 
 0 
 0 
 0 
 2             623 
 0 
 0 
 0 
 0 
 0 
 0 
 1 
 0 
 1 
 0 
 2             273.8 
 0 
 0 
 0 
 0 
 0 
 0 
 0 
 1 
 0 
 1 
 2             107.7 

 0 
 0 
 1 
 0 
 1 
 0 
 2             273.8 
 0 
 0 
 0 
 0 
 0 
 0 
 0 
