 6            -1             12            9            bob6
 .8           X1
 1.2          X2
 .7           X3
 .9           X4
 0            X5
 0            X6
 .15          X7
 .15          X8
 .15          X9
 .15          X10
 .15          X11
 .15          X12
-1 
 .01 
 .01 
 .01 
 .3 
 .2 
 1 
 0 
 0 
 0 
 0 
 0 
 2             0 
 .02 
-1 
 .1 
 .05 
 .3 
 .3 
 0 
 1 
 0 
 0 
 0 
 0 
 2             0 
 .01 
 0 
-1 
 .1 
 .1 
 .3 
 0 
 0 
 1 
 0 
 0 
 0 
 2             0 
 .03 
 .04 
 0 
-1 
 .1 
 .3 
 0 
 0 
 0 
 1 
 0 
 0 
 2             0 
 0 
 0 
 0 
 0 
-1 
 0 
 0 
 0 
 0 
 0 
 1 
 0 
 2             0 
 0 
 0 
 0 
 0 
 0 
-1 
 0 
 0 
 0 
 0 
 0 
 1 
 2             0 
 0 
 0 
 0 
 0 
 0 
 0 
 1 
 0 
 1 
 0 
 0 
 0 
 2             273.8 
 0 
 0 
 0 
 0 
 0 
 0 
 0 
 1 
 0 
 1 
 0 
 0 
 2             107.7 
 0 
 0 
 0 
 0 
 0 
 0 
 0 
 0 
 0 
 0 
 1 
 1 
 2             623 
 
 0 
 1 
 0 
 0 
 2             107.7 
 0 
 0 
 0 
 0 
 0 
 0 
 0 
 0 
 0 
 0 
 1 
 1 
 2             62