 6            -1             15            13           sit3
 15.5         X1
 14.5         X2
 13           X3
 20           X4
 40           X5
 38           X6
 22           X7
 43           X8
 41.5         X9
 2.5          X10
 2.1          X11
 2.6          X12
 20.7         X13
 51.5         X14
 47.5         X15
 1 
 0 
 0 
 0 
 0 
 0 
 0 
 0 
 0 
 0 
 0 
 0 
 0 
 0 
 0 
 1             600 
 0 
 1 
 0 
 0 
 0 
 0 
 0 
 0 
 0 
 0 
 0 
 0 
 0 
 0 
 0 
 1             700 
 0 
 0 
 1 
 0 
 0 
 0 
 0 
 0 
 0 
 0 
 0 
 0 
 0 
 0 
 0 
 1             300 
 .7 
 .65 
 0 
-1.6 
 0 
 0 
 0 
 0 
 0 
 1 
 0 
 0 
 1 
 0 
 0 
-1             150 
 .3 
 .35 
 0 
 0 
-1.5 
 0 
 0 
 0 
 0 
 0 
 0 
 0 
 0 
 0 
 0 
-1             45 
 0 
 0 
 0 
 .3 
 0 
-1.5 
 0 
 0 
 0 
 0 
 0 
 0 
 0 
 0 
 0 
-1             0 
 0 
 0 
 0 
 1 
 0 
 0 
 0 
 0 
 0 
 0 
 1 
 0 
 0 
 1 
 0 
-1             700 
 0 
 0 
 0 
 0 
 1 
 1 
 0 
 0 
 0 
 0 
 0 
 1 
 0 
 0 
 1 
-1             200 
 0 
 0 
 .77 
 0 
 0 
 0 
-1.6 
 0 
 0 
-1 
 0 
 0 
 0 
 0 
 0 
-1             30 
 0 
 0 
 .23 
 0 
 0 
 0 
 0 
-1.5 
 0 
 0 
 0 
 0 
 0 
 0 
 0 
-1             25 
 0 
 0 
 0 
 0 
 0 
 0 
 .3 
 0 
-1.5 
 0 
 0 
 0 
 0 
 0 
 0 
-1             0 
 0 
 0 
 0 
 0 
 0 
 0 
 1 
 0 
 0 
 0 
-1 
 0 
 0 
 0 
 0 
-1             50 
 0 
 0 
 0 
 0 
 0 
 0 
 0 
 1 
 1 
 0 
 0 
-1 
 0 
 0 
 0 
-1             20 

 0 
 0 
-1             50 
 0 
 0 
 0 
 0 
 0 
 0 
