 4            -1             11            5            SFK-I
 58.5         X1.1
 80           X1.2
 105          X1.3
 82           X2.1
 126          X2.2
 168          X2.3
 72           X3.1
 112.5        X3.2
 134.5        X3.3
 92.5         X4.1
 45           X4.2
 1.5 
 2 
 2.5 
 2 
 3 
 4 
 1.5 
 2.5 
 3.5 
 .5 
 1 
-1             6.5 
 1 
 1 
 1 
 0 
 0 
 0 
 0 
 0 
 0 
 0 
 0 
 1             1 
 0 
 0 
 0 
 1 
 1 
 1 
 0 
 0 
 0 
 0 
 0 
 1             1 
 0 
 0 
 0 
 0 
 0 
 0 
 1 
 1 
 1 
 0 
 0 
 1             1 
 0 
 0 
 0 
 0 
 0 
 0 
 0 
 0 
 0 
 1 
 1 
 1             1 
 1             0             1 
 1             0             1 
 1             0             1 
 1             0             1 
 1             0             1 
 1             0             1 
 1             0             1 
 1             0             1 
 1             0             1 
 1             0             1 
 1             0             1 
          0             1 
 1             0             1 
 1             0             1 
 1             0            