 3             4             18            1             70           aaa
 1 
 4 
 9 
 3 
 1 
 5 
 14 
 23 
 32 
 41 
 44 
 47 
 50 
 53 
 56 
 59 
 62 
 65 
 68 
 69 
 70 
 0 
 1             2             0 
 1             3             58.5 
 1             4             80 
 1             5             105 
 2             6             82 
 2             7             126 
 2             8             168 
 2             9             999 
 2             10            999 
 2             11            999 
 2             12            999 
 2             13            999 
 2             14            999 
 3             6             999 
 3             7             999 
 3             8             999 
 3             9             82 
 3             10            126 
 3             11            168 
 3             12            999 
 3             13            999 
 3             14            999 
 4             6             0 
 4             7             999 
 4             8             82 
 4             9             999 
 4             10            999 
 4             11            999 
 4             12            126 
 4             13            168 
 4             14            999 
 5             6             999 
 5             7             999 
 5             8             999 
 5             9             999 
 5             10            82 
 5             11            126 
 5             12            999 
 5             13            999 
 5             14            168 
 6             15            134.5 
 6             16            999 
 6             17            999 
 7             15            112.5 
 7             16            134.5 
 7             17            999 
 8             15            72 
 8             16            112.5 
 8             17            999 
 9             15            999 
 9             16            999 
 9             17            112.5 
 10            15            999 
 10            16            999 
 10            17            72 
 11            15            0 
 11            16            999 
 11            17            999 
 12            15            999 
 12            16            72 
 12            17            999 
 13            15            999 
 13            16            999 
 13            17            0 
 14            15            999 
 14            16            0 
 14            17            999 
 15            18            45 
 16            18            0 
 17            18            22.5 
